6.039999999999999813e-01 4.320493798938577525e-03
6.993333333333332513e-01 4.189935029992182015e-03
7.443333333333331803e-01 4.714045207910320728e-04
7.550000000000000044e-01 4.546060565661955849e-03
7.536666666666667069e-01 7.408703590297629343e-03
7.379999999999999893e-01 1.632993161855453637e-03
7.550000000000000044e-01 6.377042156569669856e-03
7.473333333333332940e-01 9.672412085697947026e-03
7.316666666666665764e-01 1.049867716534909172e-02
7.143333333333332646e-01 1.699673171197596533e-03
7.280000000000000915e-01 1.485485330343814213e-02
7.123333333333333739e-01 5.312459150169747575e-03
