5.360000000000000320e-01 3.559026084010440388e-03
6.156666666666666954e-01 2.688659310676773384e-02
6.266666666666665941e-01 7.408703590297629343e-03
6.029999999999999805e-01 1.854723699099142253e-02
5.579999999999999405e-01 1.883259585576734993e-02
5.550000000000000488e-01 1.098483803552268052e-02
5.090000000000000080e-01 2.465765601187592734e-02
4.476666666666666572e-01 1.611072796479277522e-02
4.099999999999999756e-01 8.602325267042612925e-03
5.299999999999999156e-01 1.630950643030010250e-02
2.706666666666666665e-01 5.640527950073074420e-02
1.563333333333333242e-01 6.060436361260539834e-02
